103 104
446 451 450
202.82780766184442 362.40331914275885
230.86855845106766 394.3581235483289
890.7326455025468 331.56842610426247
869.0196150962729 26.554342914372683
886.7817333387211 221.39403427392244
861.3442092314363 4.554306235164404
887.5402178743389 480.41709055937827
890.8798141586594 407.5730777103454
880.5553683673497 81.5046607721597
877.8270887921099 61.19693461060524
874.7818309273571 43.576995730400085
182.8698707066942 1312.9592025782913
343.4846052157227 1207.8368553705513
271.05618948023766 1213.1626561023295
69.51851323246956 1348.0995326600969
435.7919962864835 1231.7034109979868
337.31493909540586 1270.0043798331171
456.168936524773 1147.0629983898252
0.0 1370.5973077230155
410.68309397785924 1180.0132795702666
376.1895140132401 1198.479373704642
305.83267803653143 1212.0676316525787
466.31212896551006 1216.1739733405411
463.65180477150716 1639.7493401709944
461.82919980213046 1697.3625583965331
464.04802325577475 1758.2608499731869
452.1161885790061 1224.6852997485548
413.2528500617482 1250.4432612471282
457.5500406799838 2311.5966141391546
437.7278051003814 2342.6554894521832
420.7017476144247 2355.795782852918
853.3744680457748 717.6392055172473
520.3903372578789 1225.2328119762242
519.6318606599234 724.756864445284
547.7634290351998 806.7592636030167
523.4468849082477 1050.725733699277
549.2577423520852 868.2797281648964
540.9258143652696 932.3635454140604
543.3484127877746 776.695865066722
493.41348565067165 1467.3078762013465
568.7177829523571 1287.0519195664674
637.750637653051 1166.8480992503464
716.1684122283477 1033.6035332083702
534.0882010278292 1358.0294134672731
533.6353789996356 1140.044887142256
527.1600246345624 1102.515412805602
538.5032161099371 1125.8842300474644
503.5453683163505 1098.1104280855507
536.8617360785138 1133.8729311488569
514.7413850785233 1097.8117850553244
483.0778362918645 1122.4498351812363
583.5930045119021 1119.9611432477832
492.0550211579539 1144.723627973348
534.8806395912543 1111.026739211753
565.5253846272826 1117.8706420268863
620.0339278117754 1116.8253914155066
510.4169373314362 1151.841286899522
486.3268297929317 1111.5742514375597
528.529811035376 1145.544896312058
537.7900213280227 1118.2937196549028
484.23253081180155 1132.6036982648075
655.252265232848 1098.1602019257843
494.828552886378 1102.1918828580528
520.843159114942 1149.9996548704803
703.9421560664196 1182.3277630656958
499.33412734465674 1165.7281878795475
501.05484940111637 1150.1240894645452
493.10783113515936 1188.1015283484012
534.7108313259669 750.3903913460672
838.0915887355804 773.0872617661953
550.3105540457182 843.7163387946784
778.3752167483326 920.6666933335364
746.7793537522666 979.0514060594141
519.2356415481772 1074.0696640238166
601.9662891617045 1120.110464764759
470.9082640053239 1137.730403644964
485.7494824938476 1198.7033559791744
598.3663472339977 1232.4002447389066
479.9760100245476 1519.7197282928973
469.74224939383566 1576.959642726928
510.08864158182405 2062.1052479557693
880.1025418674108 558.512243386358
873.5705202515237 608.2114212661982
507.0660567211453 710.3722250778228
638.5543991425075 1108.9113510716707
669.369043645449 1085.791403023526
800.3938482378144 874.1032672841102
818.0087633801159 831.2479922138155
865.3743631339166 659.8766657765955
1097.0297462067101 1090.5945784505457
973.8830348264892 1102.8389427568763
865.2271945842076 1126.8050460610539
776.4054272524081 1165.4046579264104
476.636452853214 1208.1852722391486
497.3643535154406 1178.271195217967
471.2478799186647 1821.9962503537536
481.572205258999 1884.8357216380537
504.72270459262654 2015.7409172598273
512.3867118936032 1411.3620815705508
495.383259258233 2224.243527326733
511.5829532945063 2120.7139429543167
506.318900953047 2173.9470633808523
480.0552537578624 2269.164416698739
O 16 15
O 15 26
O 26 22
O 22 93
O 93 76
O 76 67
O 67 94
O 94 65
O 65 66
O 30 29
O 29 28
O 28 102
O 102 99
O 99 101
O 101 100
O 100 80
O 80 97
O 97 96
O 96 95
O 95 25
O 25 24
O 24 23
O 23 79
O 79 78
O 78 39
O 39 98
O 98 43
O 43 40
O 40 77
O 77 41
O 41 42
O 42 72
O 72 71
O 71 86
O 86 87
O 87 69
O 69 31
O 31 88
O 88 82
O 82 81
O 81 6
O 6 7
O 7 2
O 2 4
O 4 8
O 8 9
O 9 10
O 10 3
O 3 5
O 53 54
O 54 51
O 51 74
O 74 55
O 55 84
O 84 61
O 61 85
O 85 42
T 60 75
T 75 17
T 17 19
T 19 20
T 20 12
T 12 21
T 21 13
O 32 64
T 0 1
T 1 83
T 83 33
T 33 68
T 68 38
T 38 34
T 34 70
T 70 36
T 36 37
T 37 35
T 35 73
T 73 49
T 49 45
T 45 53
T 53 59
T 59 46
T 46 48
T 48 44
T 44 58
T 58 63
T 63 56
T 56 66
T 66 52
T 52 60
T 60 50
T 50 57
T 57 62
T 62 47
T 47 49
O 16 27
O 27 32
O 92 89
O 64 92
O 92 91
O 91 90
O 90 89
O 18 14
O 14 11
O 11 16
199.5299392987548 358.6451195392608 198.34277385648969 360.19323503467035
198.34277385648969 360.19323503467035 197.83841415415714 362.07781580107405
197.83841415415714 362.07781580107405 198.0936443844052 364.01195150055406
198.0936443844052 364.01195150055406 199.0696080583464 365.70118750584845
199.0696080583464 365.70118750584845 227.1070822569085 397.6522616968865
227.1070822569085 397.6522616968865 503.3008983833222 713.6621465803554
503.3008983833222 713.6621465803554 515.5416015859978 727.7071410130083
515.5416015859978 727.7071410130083 530.1024151647687 752.4733112316165
530.1024151647687 752.4733112316165 538.4461657625194 777.8516588037852
538.4461657625194 777.8516588037852 542.7848264641478 807.2955950767474
542.7848264641478 807.2955950767474 545.295411944962 843.7814830417994
545.295411944962 843.7814830417994 544.2669450141615 867.8491424837105
544.2669450141615 867.8491424837105 535.9729444804971 931.6759183783086
535.9729444804971 931.6759183783086 518.5115408668614 1049.916367724759
518.5115408668614 1049.916367724759 514.3188402982744 1073.16082402539
514.3188402982744 1073.16082402539 510.58453934302935 1092.8884819644054
510.58453934302935 1092.8884819644054 502.3463619794549 1093.041879077368
502.3463619794549 1093.041879077368 491.7422635522623 1098.0140958533811
491.7422635522623 1098.0140958533811 481.75811967913506 1108.9991790044996
481.75811967913506 1108.9991790044996 477.8974019516221 1121.9899859650461
477.8974019516221 1121.9899859650461 478.7199874168212 1129.3604840146393
478.7199874168212 1129.3604840146393 468.6404603343292 1133.2200034782206
468.6404603343292 1133.2200034782206 453.3608069550749 1142.920150890711
453.3608069550749 1142.920150890711 408.018319767838 1175.7555456486134
408.018319767838 1175.7555456486134 374.29006466856373 1193.7932811491228
374.29006466856373 1193.7932811491228 342.5076447972448 1202.8978646115256
342.5076447972448 1202.8978646115256 305.4739732470611 1207.0724146585478
305.4739732470611 1207.0724146585478 270.89883000249665 1208.1651329163137
270.89883000249665 1208.1651329163137 268.99833895335746 1208.605765582576
268.99833895335746 1208.605765582576 267.4111369924743 1209.7401435221554
267.4111369924743 1209.7401435221554 266.37886123037003 1211.3955679769124
266.37886123037003 1211.3955679769124 266.0586662942219 1213.3200155800705
266.0586662942219 1213.3200155800705 266.4992989604842 1215.2205066292097
266.4992989604842 1215.2205066292097 267.63367690006356 1216.807708590093
267.63367690006356 1216.807708590093 269.2891013548206 1217.8399843521972
269.2891013548206 1217.8399843521972 271.2135489579787 1218.1601792883453
271.2135489579787 1218.1601792883453 306.19138282600176 1217.0628486466096
306.19138282600176 1217.0628486466096 344.4615656342006 1212.775846129577
344.4615656342006 1212.775846129577 378.0889633579165 1203.1654662601613
378.0889633579165 1203.1654662601613 413.34786818788047 1184.2710134919198
413.34786818788047 1184.2710134919198 458.9770660944711 1151.2058458889394
458.9770660944711 1151.2058458889394 473.17606767631855 1142.2408038117076
473.17606767631855 1142.2408038117076 482.1240315524633 1138.7800998613934
482.1240315524633 1138.7800998613934 488.3991812857495 1148.500958264523
488.3991812857495 1148.500958264523 497.61066014379224 1153.9852936631576
497.61066014379224 1153.9852936631576 496.3589735105898 1165.3307492964348
496.3589735105898 1165.3307492964348 494.4372054276659 1177.4225116014748
494.4372054276659 1177.4225116014748 490.4605671251276 1186.6288158255697
490.4605671251276 1186.6288158255697 483.4137957317505 1196.7907114319
483.4137957317505 1196.7907114319 474.6208594143843 1205.9415478454553
474.6208594143843 1205.9415478454553 464.6139564783335 1213.6881371957318
464.6139564783335 1213.6881371957318 450.7432087654343 1222.0027884243796
450.7432087654343 1222.0027884243796 434.65529880727047 1228.9260986773882
434.65529880727047 1228.9260986773882 336.36693090025324 1267.1541748624059
336.36693090025324 1267.1541748624059 182.02350320702865 1310.0803940813441
182.02350320702865 1310.0803940813441 68.61244578717296 1345.2395098935983
68.61244578717296 1345.2395098935983 -0.9237021186953231 1367.743052234115
-0.9237021186953231 1367.743052234115 -0.9237021186953239 1367.743052234115
-0.9237021186953239 1367.743052234115 -1.9456657689392043 1368.3138049935278
-1.9456657689392043 1368.3138049935278 -2.671419443366206 1369.232200343501
-2.671419443366206 1369.232200343501 -2.990473724018261 1370.3584209172761
-2.990473724018261 1370.3584209172761 -2.8542554889003493 1371.5210098417108
-2.8542554889003493 1371.5210098417108 -2.2835027294877968 1372.5429734919549
-2.2835027294877968 1372.5429734919549 -1.3651073795145168 1373.2687271663817
-1.3651073795145168 1373.2687271663817 -0.23888680573936238 1373.5877814470339
-0.23888680573936238 1373.5877814470339 0.9237021186953236 1373.451563211916
0.9237021186953236 1373.451563211916 70.42458067776616 1350.9595554265954
70.42458067776616 1350.9595554265954 183.71623820635975 1315.8380110752385
183.71623820635975 1315.8380110752385 338.0911155815713 1272.9023750094968
338.0911155815713 1272.9023750094968 413.970724519769 1253.3564454569623
413.970724519769 1253.3564454569623 521.0753400039283 1228.1535612242144
521.0753400039283 1228.1535612242144 609.8904701842245 1207.393115868152
609.8904701842245 1207.393115868152 598.2758151032414 1226.724426347432
598.2758151032414 1226.724426347432 511.2231053497814 1246.9206938802374
511.2231053497814 1246.9206938802374 417.8959677196315 1267.733491493134
417.8959677196315 1267.733491493134 261.90927615824035 1307.8251607467996
261.90927615824035 1307.8251607467996 188.3086379522848 1329.221657680026
188.3086379522848 1329.221657680026 75.47078177874491 1363.5532055136543
75.47078177874491 1363.5532055136543 5.90646034425743 1385.9589942958626
5.90646034425743 1385.9589942958626 4.883703287453805 1386.5283240926897
4.883703287453805 1386.5283240926897 4.156672056738982 1387.4457084202004
4.156672056738982 1387.4457084202004 3.8360505664347713 1388.5714838306405
3.8360505664347713 1388.5714838306405 3.970650531998943 1389.7342612229504
3.970650531998943 1389.7342612229504 4.539980328826078 1390.7570182797542
4.539980328826078 1390.7570182797542 5.457364656336706 1391.484049510469
5.457364656336706 1391.484049510469 6.58314006677697 1391.8046710007732
6.58314006677697 1391.8046710007732 7.745917459086849 1391.670071035209
7.745917459086849 1391.670071035209 77.26393114094108 1369.2794050413388
77.26393114094108 1369.2794050413388 190.01943107057184 1334.972829388776
190.01943107057184 1334.972829388776 263.49409708411554 1313.6135989303125
263.49409708411554 1313.6135989303125 419.2962963529655 1273.5693879744726
419.2962963529655 1273.5693879744726 512.5416065353287 1252.7740450036447
512.5416065353287 1252.7740450036447 512.5535514148733 1252.7687712059324
512.5535514148733 1252.7687712059324 512.5666021890011 1252.768358429588
512.5666021890011 1252.768358429588 594.173910348063 1233.835426498115
594.173910348063 1233.835426498115 566.0493389637476 1285.67795228833
566.0493389637476 1285.67795228833 531.3460411297517 1356.804240958405
531.3460411297517 1356.804240958405 509.57306904349946 1410.3135880795458
509.57306904349946 1410.3135880795458 490.53372307759867 1466.45174712438
490.53372307759867 1466.45174712438 477.04039075037235 1519.0818990260466
477.04039075037235 1519.0818990260466 466.76550052544667 1576.5498444693055
466.76550052544667 1576.5498444693055 460.65480941563874 1639.55678917412
460.65480941563874 1639.55678917412 458.8257373387529 1697.3697579418358
458.8257373387529 1697.3697579418358 461.0520085949215 1758.4843264214069
461.0520085949215 1758.4843264214069 468.2743792545803 1822.4082029005003
468.2743792545803 1822.4082029005003 478.6148050037922 1885.3401552219225
478.6148050037922 1885.3401552219225 501.7515888434279 2016.1751700053937
501.7515888434279 2016.1751700053937 507.09004380388376 2062.3165667523526
507.09004380388376 2062.3165667523526 508.57343542130195 2120.6039330617637
508.57343542130195 2120.6039330617637 503.345607966822 2173.4784277100844
503.345607966822 2173.4784277100844 492.48361777076803 2223.436460158935
492.48361777076803 2223.436460158935 477.2844693174591 2267.9659253659925
477.2844693174591 2267.9659253659925 454.95418084825593 2310.083140948174
454.95418084825593 2310.083140948174 435.4485711715979 2340.5711040269407
435.4485711715979 2340.5711040269407 418.86882080769436 2353.42083457534
418.86882080769436 2353.42083457534 418.0994906945423 2354.3030474701645
418.0994906945423 2354.3030474701645 417.7263306079245 2355.412515795333
417.7263306079245 2355.412515795333 417.80615078832415 2356.580333055694
417.80615078832415 2356.580333055694 418.32679933684693 2357.6287096596484
418.32679933684693 2357.6287096596484 419.2090122316712 2358.3980397728005
419.2090122316712 2358.3980397728005 420.31848055683975 2358.771199859418
420.31848055683975 2358.771199859418 421.48629781720103 2358.6913796790186
421.48629781720103 2358.6913796790186 422.534674421155 2358.170731130496
422.534674421155 2358.170731130496 440.00703902916484 2344.739874877426
440.00703902916484 2344.739874877426 460.14590051171166 2313.1100873301352
460.14590051171166 2313.1100873301352 482.8260381982656 2270.3629080314854
482.8260381982656 2270.3629080314854 498.282900745698 2225.0505944945307
498.282900745698 2225.0505944945307 509.29219393927195 2174.4156990516203
509.29219393927195 2174.4156990516203 514.5924711677106 2120.82395284687
514.5924711677106 2120.82395284687 513.0872393597643 2061.893929159186
513.0872393597643 2061.893929159186 507.6938203418252 2015.3066645142608
507.6938203418252 2015.3066645142608 484.52960551420585 1884.3312880541848
484.52960551420585 1884.3312880541848 474.2213805827491 1821.5842978070068
474.2213805827491 1821.5842978070068 467.044037916628 1758.0373735249668
467.044037916628 1758.0373735249668 464.832662265508 1697.3553588512304
464.832662265508 1697.3553588512304 466.6488001273756 1639.9418911678688
466.6488001273756 1639.9418911678688 472.71899826222466 1577.3694409845505
472.71899826222466 1577.3694409845505 482.9116292987228 1520.357557559748
482.9116292987228 1520.357557559748 496.2932482237446 1468.164005278313
496.2932482237446 1468.164005278313 515.200354743707 1412.4105750615558
515.200354743707 1412.4105750615558 536.8303609259067 1359.2545859761412
536.8303609259067 1359.2545859761412 571.3862269409666 1288.4258868446047
571.3862269409666 1288.4258868446047 600.972491287697 1233.8891049479198
600.972491287697 1233.8891049479198 602.1110607490767 1231.994004061054
602.1110607490767 1231.994004061054 621.9835648594166 1227.3835742341612
621.9835648594166 1227.3835742341612 619.2431896757103 1232.1811212621549
619.2431896757103 1232.1811212621549 584.2643671626989 1290.7519311751266
584.2643671626989 1290.7519311751266 549.6301053852019 1362.3029123086505
549.6301053852019 1362.3029123086505 527.6443203116528 1415.6790413449453
527.6443203116528 1415.6790413449453 509.04215224790613 1470.0103813880746
509.04215224790613 1470.0103813880746 495.5709399384603 1523.1944620736936
495.5709399384603 1523.1944620736936 485.3307912489097 1580.9082792859515
485.3307912489097 1580.9082792859515 479.548400246571 1641.0541824119339
479.548400246571 1641.0541824119339 477.8094871008782 1699.6276547864543
477.8094871008782 1699.6276547864543 480.5025598563079 1757.483116033649
480.5025598563079 1757.483116033649 486.4852287826287 1817.9090201820688
486.4852287826287 1817.9090201820688 496.98899530996846 1881.6130594191193
496.98899530996846 1881.6130594191193 520.5007282170496 2011.933574001751
520.5007282170496 2011.933574001751 526.4944884336264 2061.1382812455818
526.4944884336264 2061.1382812455818 528.2255688150125 2118.3057332842427
528.2255688150125 2118.3057332842427 523.0742368325998 2173.8036475478684
523.0742368325998 2173.8036475478684 512.4793491094888 2225.45034390254
512.4793491094888 2225.45034390254 496.5302460974698 2272.8595512060924
496.5302460974698 2272.8595512060924 476.76518190305023 2318.0061947288636
476.76518190305023 2318.0061947288636 459.8422093512429 2358.421365698414
459.8422093512429 2358.421365698414 454.89522004364994 2376.427716455388
454.89522004364994 2376.427716455388 454.8108997176829 2377.5952174178824
454.8108997176829 2377.5952174178824 455.17978116996426 2378.7061156530776
455.17978116996426 2378.7061156530776 455.9457055433028 2379.5912869749823
455.9457055433028 2379.5912869749823 456.9920677949795 2380.1159720739347
456.9920677949795 2380.1159720739347 458.159568757474 2380.200292399902
458.159568757474 2380.200292399902 459.2704669926691 2379.8314109476205
459.2704669926691 2379.8314109476205 460.155638314574 2379.065486574282
460.155638314574 2379.065486574282 460.6803234135266 2378.0191243226054
460.6803234135266 2378.0191243226054 465.53691044869515 2360.3874066084754
465.53691044869515 2360.3874066084754 482.2811954857102 2320.368054338294
482.2811954857102 2320.368054338294 502.1380085918437 2275.025859210779
502.1380085918437 2275.025859210779 518.2939631369381 2227.018617839235
518.2939631369381 2227.018617839235 529.0269849574718 2174.6877652742887
529.0269849574718 2174.6877652742887 534.2452758798664 2118.493185629807
534.2452758798664 2118.493185629807 532.4896269904739 2060.683070409246
532.4896269904739 2060.683070409246 526.4383237891801 2011.0369341117525
526.4383237891801 2011.0369341117525 502.9018776635146 1880.5923080566288
502.9018776635146 1880.5923080566288 492.4400076790554 1817.1241895702226
492.4400076790554 1817.1241895702226 486.49083227218944 1757.047630374158
486.49083227218944 1757.047630374158 483.8179718999179 1699.5771074898078
483.8179718999179 1699.5771074898078 485.5431421189241 1641.4309282472184
485.5431421189241 1641.4309282472184 491.28505582877665 1581.7214279275397
491.28505582877665 1581.7214279275397 501.44451599343046 1524.4576778805754
501.44451599343046 1524.4576778805754 514.8029869556871 1471.723029942655
514.8029869556871 1471.723029942655 533.2642885198125 1417.79627094018
533.2642885198125 1417.79627094018 555.1116852163161 1364.7559329617745
555.1116852163161 1364.7559329617745 589.5554942917246 1293.6053187181215
589.5554942917246 1293.6053187181215 624.4246100066462 1235.2076078221282
624.4246100066462 1235.2076078221282 629.9493219132331 1225.5355150408766
629.9493219132331 1225.5355150408766 689.5637480874084 1211.704941549964
689.5637480874084 1211.704941549964 689.5705941728116 1211.7018487586536
689.5705941728116 1211.7018487586536 689.5781014332507 1211.7015743791142
689.5781014332507 1211.7015743791142 776.779547578452 1191.01867738812
776.779547578452 1191.01867738812 848.5226906176376 1189.341697922599
848.5226906176376 1189.341697922599 960.664943059907 1163.4603706974358
960.664943059907 1163.4603706974358 1069.3634875821017 1122.143284800093
1069.3634875821017 1122.143284800093 1070.3555270146362 1121.5219747493989
1070.3555270146362 1121.5219747493989 1071.0342868790365 1120.5683220551352
1071.0342868790365 1120.5683220551352 1071.2964321389209 1119.4275116951205
1071.2964321389209 1119.4275116951205 1071.1020535548248 1118.2732217051953
1071.1020535548248 1118.2732217051953 1070.4807435041307 1117.2811822726608
1070.4807435041307 1117.2811822726608 1069.527090809867 1116.6024224082605
1069.527090809867 1116.6024224082605 1068.3862804498524 1116.3402771483761
1068.3862804498524 1116.3402771483761 1067.2319904599271 1116.5346557324722
1067.2319904599271 1116.5346557324722 958.9126074332737 1157.6928204629749
958.9126074332737 1157.6928204629749 847.7659621362855 1183.3274162349585
847.7659621362855 1183.3274162349585 805.3454771820922 1184.3369951117334
805.3454771820922 1184.3369951117334 848.9067431262129 1174.1493741693896
848.9067431262129 1174.1493741693896 849.9726258270147 1173.6655741250238
849.9726258270147 1173.6655741250238 850.772230776787 1172.8107055157648
850.772230776787 1172.8107055157648 851.1838253703638 1171.7149143379688
851.1838253703638 1171.7149143379688 851.1447480619876 1170.545024865084
851.1447480619876 1170.545024865084 850.6609480176216 1169.4791421642824
850.6609480176216 1169.4791421642824 849.8060794083626 1168.67953721451
849.8060794083626 1168.67953721451 848.7102882305668 1168.2679426209331
848.7102882305668 1168.2679426209331 847.5403987576819 1168.3070199293095
847.5403987576819 1168.3070199293095 775.7109344394512 1185.1056904708046
775.7109344394512 1185.1056904708046 775.7065599146323 1185.1076760507374
775.7065599146323 1185.1076760507374 775.7017590597778 1185.1078515150568
775.7017590597778 1185.1078515150568 688.200578841443 1205.8618410077622
688.200578841443 1205.8618410077622 634.0050097833979 1218.435237228153
634.0050097833979 1218.435237228153 645.000032293651 1199.1862918262534
645.000032293651 1199.1862918262534 704.6247075498412 1185.2490852938047
704.6247075498412 1185.2490852938047 777.0873932446497 1168.3261168903946
777.0873932446497 1168.3261168903946 1097.711415509746 1093.5161066399182
1097.711415509746 1093.5161066399182 1098.0698778234112 1093.3536243295569
1098.0698778234112 1093.3536243295569 1098.4463926198898 1093.2390279093224
1098.4463926198898 1093.2390279093224 1098.5983574127044 1093.114077293861
1098.5983574127044 1093.114077293861 1098.7775469589867 1093.032854999738
1098.7775469589867 1093.032854999738 1099.0465436655304 1092.7455633302338
1099.0465436655304 1092.7455633302338 1099.3505438282532 1092.495604068427
1099.3505438282532 1092.495604068427 1099.4431244595962 1092.3220103437143
1099.4431244595962 1092.3220103437143 1099.5775915875465 1092.1783978579754
1099.5775915875465 1092.1783978579754 1099.7161703768595 1091.810034381704
1099.7161703768595 1091.810034381704 1099.9013746368194 1091.462766310049
1099.9013746368194 1091.462766310049 1099.920476544814 1091.266957547042
1099.920476544814 1091.266957547042 1099.98974985315 1091.0828185687901
1099.98974985315 1091.0828185687901 1099.9768133607788 1090.6894632857902
1099.9768133607788 1090.6894632857902 1100.0150260482778 1090.297754820204
1100.0150260482778 1090.297754820204 1099.9577411405915 1090.1095411280596
1099.9577411405915 1090.1095411280596 1099.9512743960827 1089.9129091475097
1099.9512743960827 1089.9129091475097 1099.7887920857213 1089.5544468338446
1099.7887920857213 1089.5544468338446 1099.6741956654869 1089.177932037366
1099.6741956654869 1089.177932037366 1099.5492450500255 1089.0259672445513
1099.5492450500255 1089.0259672445513 1099.4680227559024 1088.846777698269
1099.4680227559024 1088.846777698269 1099.1807310863983 1088.5777809917254
1099.1807310863983 1088.5777809917254 1098.9307718245914 1088.2737808290026
1098.9307718245914 1088.2737808290026 1098.7571780998787 1088.1812001976596
1098.7571780998787 1088.1812001976596 1098.6135656141398 1088.0467330697093
1098.6135656141398 1088.0467330697093 1098.2452021378685 1087.9081542803963
1098.2452021378685 1087.9081542803963 1097.8979340662133 1087.7229500204364
1097.8979340662133 1087.7229500204364 1097.7021253032065 1087.7038481124418
1097.7021253032065 1087.7038481124418 1097.5179863249546 1087.6345748041058
1097.5179863249546 1087.6345748041058 1097.1246310419547 1087.647511296477
1097.1246310419547 1087.647511296477 1096.7329225763685 1087.609298608978
1096.7329225763685 1087.609298608978 973.4090718389278 1099.8660582790087
973.4090718389278 1099.8660582790087 864.293384365025 1123.9248326988284
864.293384365025 1123.9248326988284 775.4585484091604 1162.545066829512
775.4585484091604 1162.545066829512 703.2598933991325 1179.406373387336
703.2598933991325 1179.406373387336 703.2596180046498 1179.406498284437
703.2596180046498 1179.406498284437 703.2593157792566 1179.4065083451644
703.2593157792566 1179.4065083451644 649.0619635761453 1192.0750836945656
649.0619635761453 1192.0750836945656 703.3728643842205 1096.993189736846
703.3728643842205 1096.993189736846 766.0288643501409 988.8335267512987
766.0288643501409 988.8335267512987 798.3763044786065 926.6231370269596
798.3763044786065 926.6231370269596 820.4468197220926 879.3510664726418
820.4468197220926 879.3510664726418 837.8150343074007 838.0000812115223
837.8150343074007 838.0000812115223 858.3900339367021 779.2146997361119
858.3900339367021 779.2146997361119 874.2141811185254 722.6772606292528
874.2141811185254 722.6772606292528 885.9382718075675 665.658438269532
885.9382718075675 665.658438269532 895.0603806530453 612.383592325755
895.0603806530453 612.383592325755 901.4602298005116 561.0688000469024
901.4602298005116 561.0688000469024 908.4432504499077 481.3719056000808
908.4432504499077 481.3719056000808 912.0944833848165 410.50463798335886
912.0944833848165 410.50463798335886 913.013773734382 330.4713735078906
913.013773734382 330.4713735078906 907.9936282633391 221.4078672368827
907.9936282633391 221.4078672368827 902.6849508204191 101.84173604080468
902.6849508204191 101.84173604080468 901.1723448896977 59.37830837018936
901.1723448896977 59.37830837018936 901.4750967075871 42.359942351533434
901.4750967075871 42.359942351533434 902.9816084192653 19.82634466925087
902.9816084192653 19.82634466925087 905.4594137491287 0.3793800811747816
905.4594137491287 0.3793800811747816 905.4594137491287 0.3793800811747809
905.4594137491287 0.3793800811747809 905.3780681712292 -0.7883319174588849
905.3780681712292 -0.7883319174588849 904.8560506210964 -1.8360275279060625
904.8560506210964 -1.8360275279060625 903.9728335386374 -2.6042045908605282
903.9728335386374 -2.6042045908605282 902.8628787182736 -2.975915112029881
902.8628787182736 -2.975915112029881 901.6951667196399 -2.8945695341303517
901.6951667196399 -2.8945695341303517 900.6474711091928 -2.3725519839976434
900.6474711091928 -2.3725519839976434 899.8792940462383 -1.4893349015385864
899.8792940462383 -1.4893349015385864 899.507583525069 -0.3793800811747813
899.507583525069 -0.3793800811747813 897.0042943832877 19.24611866808114
897.0042943832877 19.24611866808114 895.4768669080166 42.1062618223295
895.4768669080166 42.1062618223295 895.168302637319 59.43184446222932
895.168302637319 59.43184446222932 896.6896358670042 102.08168087175102
896.6896358670042 102.08168087175102 901.9997465188096 221.6788443411884
901.9997465188096 221.6788443411884 907.0097157986103 330.5749774741496
907.0097157986103 330.5749774741496 906.0950572942844 410.3157350377073
906.0950572942844 410.3157350377073 902.4557779751972 480.95549067725744
902.4557779751972 480.95549067725744 895.4917338150922 560.4353321978335
895.4917338150922 560.4353321978335 889.1218702117585 611.5053260070006
889.1218702117585 611.5053260070006 880.0403500059011 664.5473993974564
880.0403500059011 664.5473993974564 868.3759540818894 721.2617983339566
868.3759540818894 721.2617983339566 852.66075073358 777.4123299063508
852.66075073358 777.4123299063508 832.2097104458595 835.8443384317605
832.2097104458595 835.8443384317605 814.9593923516582 876.918829952665
814.9593923516582 876.918829952665 792.9926228870281 923.9681836292804
792.9926228870281 923.9681836292804 760.7671896089158 985.9435213112345
760.7671896089158 985.9435213112345 698.1719089075759 1094.0014133792192
698.1719089075759 1094.0014133792192 641.0871060967943 1193.9391984302683
641.0871060967943 1193.9391984302683 622.3417277883614 1198.3209113350508
622.3417277883614 1198.3209113350508 640.3292353298714 1168.381463061853
640.3292353298714 1168.381463061853 718.7696905569909 1035.098611403277
718.7696905569909 1035.098611403277 749.4069261519707 980.4994801453486
749.4069261519707 980.4994801453486 781.0534234730645 922.0233400265912
781.0534234730645 922.0233400265912 803.1400078531196 875.3159714107531
803.1400078531196 875.3159714107531 820.8174701574677 832.3091456618932
820.8174701574677 832.3091456618932 840.9598550831653 773.9767645937292
840.9598550831653 773.9767645937292 856.2936819494238 718.3439692988
856.2936819494238 718.3439692988 868.3269767708546 660.4172470637836
868.3269767708546 660.4172470637836 876.5399946316024 608.6420221871249
876.5399946316024 608.6420221871249 883.0844218108828 558.8500852472326
883.0844218108828 558.8500852472326 890.5345963834001 480.62819263493816
890.5345963834001 480.62819263493816 893.8808015422727 407.63892614155145
893.8808015422727 407.63892614155145 893.7329723501043 331.51174096774514
893.7329723501043 331.51174096774514 889.7793699959494 221.27357688804528
889.7793699959494 221.27357688804528 883.5494133739701 81.23744408611108
883.5494133739701 81.23744408611108 880.7933907860682 60.74150933095401
880.7933907860682 60.74150933095401 877.7069672979138 42.83392419947379
877.7069672979138 42.83392419947379 871.8567936695737 25.57925037494364
871.8567936695737 25.57925037494364 864.1767707548285 3.566077913267934
864.1767707548285 3.566077913267934 863.5829762412935 2.5573279489592826
863.5829762412935 2.5573279489592826 862.6483497449814 1.852599826072117
862.6483497449814 1.852599826072117 861.5151796775451 1.5591820129396674
861.5151796775451 1.5591820129396674 860.3559809095398 1.7217447117722484
860.3559809095398 1.7217447117722484 859.3472309452311 2.315539225307135
859.3472309452311 2.315539225307135 858.642502822344 3.2501657216193096
858.642502822344 3.2501657216193096 858.3490850092115 4.38333578905553
858.3490850092115 4.38333578905553 858.511647708044 5.542534557060874
858.511647708044 5.542534557060874 866.1824365229721 27.529435453801725
866.1824365229721 27.529435453801725 871.8566945568003 44.32006726132638
871.8566945568003 44.32006726132638 874.8607867981515 61.65235989025647
874.8607867981515 61.65235989025647 877.5613233607294 81.77187745820831
877.5613233607294 81.77187745820831 883.7840966814928 221.5144916597996
883.7840966814928 221.5144916597996 887.7323186549893 331.6251112407798
887.7323186549893 331.6251112407798 887.8788267750462 407.5072292791393
887.8788267750462 407.5072292791393 884.5458393652776 480.2059884838184
884.5458393652776 480.2059884838184 877.1206619239388 558.1744015254834
877.1206619239388 558.1744015254834 870.601045871445 607.7808203452714
870.601045871445 607.7808203452714 862.4217494969787 659.3360844894073
862.4217494969787 659.3360844894073 850.4552541421259 716.9344417356947
850.4552541421259 716.9344417356947 835.2233223879956 772.1977589386614
835.2233223879956 772.1977589386614 815.200056602764 830.1868387657377
815.200056602764 830.1868387657377 797.6476886225091 872.8905631574672
797.6476886225091 872.8905631574672 775.6970100236007 919.3100466404816
775.6970100236007 919.3100466404816 744.1517813525626 977.6033319734797
744.1517813525626 977.6033319734797 713.7136224379866 1031.8473967221976
713.7136224379866 1031.8473967221976 667.2523568759799 1083.6501922133361
667.2523568759799 1083.6501922133361 653.4370226220385 1095.751298688715
653.4370226220385 1095.751298688715 637.1380540918378 1106.2427451563494
637.1380540918378 1106.2427451563494 619.1599973716632 1113.9163635561117
619.1599973716632 1113.9163635561117 601.7067456298188 1117.0951891625623
601.7067456298188 1117.0951891625623 583.7783950719868 1116.9582716027899
583.7783950719868 1116.9582716027899 566.0267798634685 1114.9045339829718
566.0267798634685 1114.9045339829718 539.5301930075512 1108.99067359693
539.5301930075512 1108.99067359693 539.2530292627125 1108.292967240083
539.2530292627125 1108.292967240083 530.1291671444985 1098.1573673172281
530.1291671444985 1098.1573673172281 520.4410552951131 1094.5847036618227
520.4410552951131 1094.5847036618227 524.1524427980801 1074.9785040222432
524.1524427980801 1074.9785040222432 528.382228949634 1051.535099673795
528.382228949634 1051.535099673795 545.8786842500422 933.0511724498122
545.8786842500422 933.0511724498122 554.2485396900089 868.7103138460823
554.2485396900089 868.7103138460823 555.3256961464743 843.6511945475575
555.3256961464743 843.6511945475575 552.7420316062518 806.222932129286
552.7420316062518 806.222932129286 548.2506598130298 775.5400713296589
548.2506598130298 775.5400713296589 539.3192474871651 748.3074714605178
539.3192474871651 748.3074714605178 523.722119733849 721.8065878775598
523.722119733849 721.8065878775598 510.8312150589684 707.0823035752902
510.8312150589684 707.0823035752902 234.6300346452268 391.06398539977124
234.6300346452268 391.06398539977124 206.58600726534243 359.10545077966924
206.58600726534243 359.10545077966924 205.0378917699329 357.91828533740414
205.0378917699329 357.91828533740414 203.15331100352924 357.41392563507156
203.15331100352924 357.41392563507156 201.21917530404917 357.6691558653196
201.21917530404917 357.6691558653196 199.5299392987548 358.6451195392608
637.0251575089776 1201.0504106070573 626.0392699884108 1220.2832924173813
626.0392699884108 1220.2832924173813 606.4109138313114 1224.8370798101078
606.4109138313114 1224.8370798101078 618.0349565574493 1205.489350552926
618.0349565574493 1205.489350552926 637.0251575089776 1201.0504106070573
519.7074969707159 1222.3115572556928 519.7054374518224 1222.3124917811824
519.7054374518224 1222.3124917811824 519.703177190807 1222.3125703694009
519.703177190807 1222.3125703694009 412.53497560372733 1247.5300770372942
412.53497560372733 1247.5300770372942 385.41321481122606 1254.5165295844708
385.41321481122606 1254.5165295844708 436.9286937656965 1234.4807233185854
436.9286937656965 1234.4807233185854 453.48916839257794 1227.36781107273
453.48916839257794 1227.36781107273 468.01030145268663 1218.6598094853505
468.01030145268663 1218.6598094853505 478.6520462920437 1210.428996632842
478.6520462920437 1210.428996632842 488.0851692559447 1200.6160005264487
488.0851692559447 1200.6160005264487 495.7550951451911 1189.5742408712326
495.7550951451911 1189.5742408712326 500.2915016032153 1179.1198788344593
500.2915016032153 1179.1198788344593 502.30928117872367 1166.1256264626602
502.30928117872367 1166.1256264626602 503.45564665216403 1155.725203359042
503.45564665216403 1155.725203359042 510.39998989730714 1156.998218029287
510.39998989730714 1156.998218029287 522.6099215801775 1154.8391635629316
522.6099215801775 1154.8391635629316 531.7184872822517 1149.5375548873694
531.7184872822517 1149.5375548873694 537.7914998886212 1142.9804097408717
537.7914998886212 1142.9804097408717 541.6629691584462 1135.5830139233797
541.6629691584462 1135.5830139233797 543.6046041035524 1126.1624568461857
543.6046041035524 1126.1624568461857 542.7494442788015 1117.0945187717225
542.7494442788015 1117.0945187717225 542.2108825732047 1115.7387933835846
542.2108825732047 1115.7387933835846 565.0239893910967 1120.836750070801
565.0239893910967 1120.836750070801 583.4076139518174 1122.9640148927765
583.4076139518174 1122.9640148927765 602.2258326935902 1123.1257403669556
602.2258326935902 1123.1257403669556 620.9078582518875 1119.7344192749015
620.9078582518875 1119.7344192749015 639.9707441931771 1111.5799569869919
639.9707441931771 1111.5799569869919 657.0675078436575 1100.5691051628537
657.0675078436575 1100.5691051628537 671.4857304149181 1087.932613833716
671.4857304149181 1087.932613833716 698.3403042563745 1057.981366670905
698.3403042563745 1057.981366670905 635.1720399762305 1165.3147354388398
635.1720399762305 1165.3147354388398 614.1974470648128 1200.2246285798765
614.1974470648128 1200.2246285798765 519.7074969707159 1222.3115572556928
533.4018281163217 1125.606003248743 532.0605029985813 1132.162848374334
532.0605029985813 1132.162848374334 529.47925811065 1137.1093645436401
529.47925811065 1137.1093645436401 525.3411347885004 1141.5522377367465
525.3411347885004 1141.5522377367465 519.0763966497065 1145.160146178029
519.0763966497065 1145.160146178029 510.43388476556527 1146.6843557697568
510.43388476556527 1146.6843557697568 502.8768975887865 1145.2970940149316
502.8768975887865 1145.2970940149316 495.7108610301583 1140.9462976821728
495.7108610301583 1140.9462976821728 489.1855861221049 1130.833809304011
489.1855861221049 1130.833809304011 488.2582706321069 1122.9096843974264
488.2582706321069 1122.9096843974264 490.8955399067283 1114.1493238706198
490.8955399067283 1114.1493238706198 497.91484222049377 1106.3696698627245
497.91484222049377 1106.3696698627245 504.7443746532461 1103.1789770937332
504.7443746532461 1103.1789770937332 513.8871528992997 1102.8459762480343
513.8871528992997 1102.8459762480343 524.1908821246263 1106.8734582939758
524.1908821246263 1106.8734582939758 530.5082499197961 1113.760511183423
530.5082499197961 1113.760511183423 532.8305983772439 1119.4929205380831
532.8305983772439 1119.4929205380831 533.4018281163217 1125.606003248743
807.9922027668591 1154.954053560808 866.1610048033903 1129.6852594232794
866.1610048033903 1129.6852594232794 974.3569978140505 1105.811827234744
974.3569978140505 1105.811827234744 1051.4924457274687 1098.1390478005246
1051.4924457274687 1098.1390478005246 807.9922027668591 1154.954053560808
199.5299392987548 358.6451195392608
198.34277385648969 360.19323503467035
197.83841415415714 362.07781580107405
198.0936443844052 364.01195150055406
199.0696080583464 365.70118750584845
227.1070822569085 397.6522616968865
503.3008983833222 713.6621465803554
515.5416015859978 727.7071410130083
530.1024151647687 752.4733112316165
538.4461657625194 777.8516588037852
542.7848264641478 807.2955950767474
545.295411944962 843.7814830417994
544.2669450141615 867.8491424837105
535.9729444804971 931.6759183783086
518.5115408668614 1049.916367724759
514.3188402982744 1073.16082402539
510.58453934302935 1092.8884819644054
502.3463619794549 1093.041879077368
491.7422635522623 1098.0140958533811
481.75811967913506 1108.9991790044996
477.8974019516221 1121.9899859650461
478.7199874168212 1129.3604840146393
468.6404603343292 1133.2200034782206
453.3608069550749 1142.920150890711
408.018319767838 1175.7555456486134
374.29006466856373 1193.7932811491228
342.5076447972448 1202.8978646115256
305.4739732470611 1207.0724146585478
270.89883000249665 1208.1651329163137
268.99833895335746 1208.605765582576
267.4111369924743 1209.7401435221554
266.37886123037003 1211.3955679769124
266.0586662942219 1213.3200155800705
266.4992989604842 1215.2205066292097
267.63367690006356 1216.807708590093
269.2891013548206 1217.8399843521972
271.2135489579787 1218.1601792883453
306.19138282600176 1217.0628486466096
344.4615656342006 1212.775846129577
378.0889633579165 1203.1654662601613
413.34786818788047 1184.2710134919198
458.9770660944711 1151.2058458889394
473.17606767631855 1142.2408038117076
482.1240315524633 1138.7800998613934
488.3991812857495 1148.500958264523
497.61066014379224 1153.9852936631576
496.3589735105898 1165.3307492964348
494.4372054276659 1177.4225116014748
490.4605671251276 1186.6288158255697
483.4137957317505 1196.7907114319
474.6208594143843 1205.9415478454553
464.6139564783335 1213.6881371957318
450.7432087654343 1222.0027884243796
434.65529880727047 1228.9260986773882
336.36693090025324 1267.1541748624059
182.02350320702865 1310.0803940813441
68.61244578717296 1345.2395098935983
-0.9237021186953231 1367.743052234115
-0.9237021186953239 1367.743052234115
-1.9456657689392043 1368.3138049935278
-2.671419443366206 1369.232200343501
-2.990473724018261 1370.3584209172761
-2.8542554889003493 1371.5210098417108
-2.2835027294877968 1372.5429734919549
-1.3651073795145168 1373.2687271663817
-0.23888680573936238 1373.5877814470339
0.9237021186953236 1373.451563211916
70.42458067776616 1350.9595554265954
183.71623820635975 1315.8380110752385
338.0911155815713 1272.9023750094968
413.970724519769 1253.3564454569623
521.0753400039283 1228.1535612242144
609.8904701842245 1207.393115868152
598.2758151032414 1226.724426347432
511.2231053497814 1246.9206938802374
417.8959677196315 1267.733491493134
261.90927615824035 1307.8251607467996
188.3086379522848 1329.221657680026
75.47078177874491 1363.5532055136543
5.90646034425743 1385.9589942958626
4.883703287453805 1386.5283240926897
4.156672056738982 1387.4457084202004
3.8360505664347713 1388.5714838306405
3.970650531998943 1389.7342612229504
4.539980328826078 1390.7570182797542
5.457364656336706 1391.484049510469
6.58314006677697 1391.8046710007732
7.745917459086849 1391.670071035209
77.26393114094108 1369.2794050413388
190.01943107057184 1334.972829388776
263.49409708411554 1313.6135989303125
419.2962963529655 1273.5693879744726
512.5416065353287 1252.7740450036447
512.5535514148733 1252.7687712059324
512.5666021890011 1252.768358429588
594.173910348063 1233.835426498115
566.0493389637476 1285.67795228833
531.3460411297517 1356.804240958405
509.57306904349946 1410.3135880795458
490.53372307759867 1466.45174712438
477.04039075037235 1519.0818990260466
466.76550052544667 1576.5498444693055
460.65480941563874 1639.55678917412
458.8257373387529 1697.3697579418358
461.0520085949215 1758.4843264214069
468.2743792545803 1822.4082029005003
478.6148050037922 1885.3401552219225
501.7515888434279 2016.1751700053937
507.09004380388376 2062.3165667523526
508.57343542130195 2120.6039330617637
503.345607966822 2173.4784277100844
492.48361777076803 2223.436460158935
477.2844693174591 2267.9659253659925
454.95418084825593 2310.083140948174
435.4485711715979 2340.5711040269407
418.86882080769436 2353.42083457534
418.0994906945423 2354.3030474701645
417.7263306079245 2355.412515795333
417.80615078832415 2356.580333055694
418.32679933684693 2357.6287096596484
419.2090122316712 2358.3980397728005
420.31848055683975 2358.771199859418
421.48629781720103 2358.6913796790186
422.534674421155 2358.170731130496
440.00703902916484 2344.739874877426
460.14590051171166 2313.1100873301352
482.8260381982656 2270.3629080314854
498.282900745698 2225.0505944945307
509.29219393927195 2174.4156990516203
514.5924711677106 2120.82395284687
513.0872393597643 2061.893929159186
507.6938203418252 2015.3066645142608
484.52960551420585 1884.3312880541848
474.2213805827491 1821.5842978070068
467.044037916628 1758.0373735249668
464.832662265508 1697.3553588512304
466.6488001273756 1639.9418911678688
472.71899826222466 1577.3694409845505
482.9116292987228 1520.357557559748
496.2932482237446 1468.164005278313
515.200354743707 1412.4105750615558
536.8303609259067 1359.2545859761412
571.3862269409666 1288.4258868446047
600.972491287697 1233.8891049479198
602.1110607490767 1231.994004061054
621.9835648594166 1227.3835742341612
619.2431896757103 1232.1811212621549
584.2643671626989 1290.7519311751266
549.6301053852019 1362.3029123086505
527.6443203116528 1415.6790413449453
509.04215224790613 1470.0103813880746
495.5709399384603 1523.1944620736936
485.3307912489097 1580.9082792859515
479.548400246571 1641.0541824119339
477.8094871008782 1699.6276547864543
480.5025598563079 1757.483116033649
486.4852287826287 1817.9090201820688
496.98899530996846 1881.6130594191193
520.5007282170496 2011.933574001751
526.4944884336264 2061.1382812455818
528.2255688150125 2118.3057332842427
523.0742368325998 2173.8036475478684
512.4793491094888 2225.45034390254
496.5302460974698 2272.8595512060924
476.76518190305023 2318.0061947288636
459.8422093512429 2358.421365698414
454.89522004364994 2376.427716455388
454.8108997176829 2377.5952174178824
455.17978116996426 2378.7061156530776
455.9457055433028 2379.5912869749823
456.9920677949795 2380.1159720739347
458.159568757474 2380.200292399902
459.2704669926691 2379.8314109476205
460.155638314574 2379.065486574282
460.6803234135266 2378.0191243226054
465.53691044869515 2360.3874066084754
482.2811954857102 2320.368054338294
502.1380085918437 2275.025859210779
518.2939631369381 2227.018617839235
529.0269849574718 2174.6877652742887
534.2452758798664 2118.493185629807
532.4896269904739 2060.683070409246
526.4383237891801 2011.0369341117525
502.9018776635146 1880.5923080566288
492.4400076790554 1817.1241895702226
486.49083227218944 1757.047630374158
483.8179718999179 1699.5771074898078
485.5431421189241 1641.4309282472184
491.28505582877665 1581.7214279275397
501.44451599343046 1524.4576778805754
514.8029869556871 1471.723029942655
533.2642885198125 1417.79627094018
555.1116852163161 1364.7559329617745
589.5554942917246 1293.6053187181215
624.4246100066462 1235.2076078221282
629.9493219132331 1225.5355150408766
689.5637480874084 1211.704941549964
689.5705941728116 1211.7018487586536
689.5781014332507 1211.7015743791142
776.779547578452 1191.01867738812
848.5226906176376 1189.341697922599
960.664943059907 1163.4603706974358
1069.3634875821017 1122.143284800093
1070.3555270146362 1121.5219747493989
1071.0342868790365 1120.5683220551352
1071.2964321389209 1119.4275116951205
1071.1020535548248 1118.2732217051953
1070.4807435041307 1117.2811822726608
1069.527090809867 1116.6024224082605
1068.3862804498524 1116.3402771483761
1067.2319904599271 1116.5346557324722
958.9126074332737 1157.6928204629749
847.7659621362855 1183.3274162349585
805.3454771820922 1184.3369951117334
848.9067431262129 1174.1493741693896
849.9726258270147 1173.6655741250238
850.772230776787 1172.8107055157648
851.1838253703638 1171.7149143379688
851.1447480619876 1170.545024865084
850.6609480176216 1169.4791421642824
849.8060794083626 1168.67953721451
848.7102882305668 1168.2679426209331
847.5403987576819 1168.3070199293095
775.7109344394512 1185.1056904708046
775.7065599146323 1185.1076760507374
775.7017590597778 1185.1078515150568
688.200578841443 1205.8618410077622
634.0050097833979 1218.435237228153
645.000032293651 1199.1862918262534
704.6247075498412 1185.2490852938047
777.0873932446497 1168.3261168903946
1097.711415509746 1093.5161066399182
1098.0698778234112 1093.3536243295569
1098.4463926198898 1093.2390279093224
1098.5983574127044 1093.114077293861
1098.7775469589867 1093.032854999738
1099.0465436655304 1092.7455633302338
1099.3505438282532 1092.495604068427
1099.4431244595962 1092.3220103437143
1099.5775915875465 1092.1783978579754
1099.7161703768595 1091.810034381704
1099.9013746368194 1091.462766310049
1099.920476544814 1091.266957547042
1099.98974985315 1091.0828185687901
1099.9768133607788 1090.6894632857902
1100.0150260482778 1090.297754820204
1099.9577411405915 1090.1095411280596
1099.9512743960827 1089.9129091475097
1099.7887920857213 1089.5544468338446
1099.6741956654869 1089.177932037366
1099.5492450500255 1089.0259672445513
1099.4680227559024 1088.846777698269
1099.1807310863983 1088.5777809917254
1098.9307718245914 1088.2737808290026
1098.7571780998787 1088.1812001976596
1098.6135656141398 1088.0467330697093
1098.2452021378685 1087.9081542803963
1097.8979340662133 1087.7229500204364
1097.7021253032065 1087.7038481124418
1097.5179863249546 1087.6345748041058
1097.1246310419547 1087.647511296477
1096.7329225763685 1087.609298608978
973.4090718389278 1099.8660582790087
864.293384365025 1123.9248326988284
775.4585484091604 1162.545066829512
703.2598933991325 1179.406373387336
703.2596180046498 1179.406498284437
703.2593157792566 1179.4065083451644
649.0619635761453 1192.0750836945656
703.3728643842205 1096.993189736846
766.0288643501409 988.8335267512987
798.3763044786065 926.6231370269596
820.4468197220926 879.3510664726418
837.8150343074007 838.0000812115223
858.3900339367021 779.2146997361119
874.2141811185254 722.6772606292528
885.9382718075675 665.658438269532
895.0603806530453 612.383592325755
901.4602298005116 561.0688000469024
908.4432504499077 481.3719056000808
912.0944833848165 410.50463798335886
913.013773734382 330.4713735078906
907.9936282633391 221.4078672368827
902.6849508204191 101.84173604080468
901.1723448896977 59.37830837018936
901.4750967075871 42.359942351533434
902.9816084192653 19.82634466925087
905.4594137491287 0.3793800811747816
905.4594137491287 0.3793800811747809
905.3780681712292 -0.7883319174588849
904.8560506210964 -1.8360275279060625
903.9728335386374 -2.6042045908605282
902.8628787182736 -2.975915112029881
901.6951667196399 -2.8945695341303517
900.6474711091928 -2.3725519839976434
899.8792940462383 -1.4893349015385864
899.507583525069 -0.3793800811747813
897.0042943832877 19.24611866808114
895.4768669080166 42.1062618223295
895.168302637319 59.43184446222932
896.6896358670042 102.08168087175102
901.9997465188096 221.6788443411884
907.0097157986103 330.5749774741496
906.0950572942844 410.3157350377073
902.4557779751972 480.95549067725744
895.4917338150922 560.4353321978335
889.1218702117585 611.5053260070006
880.0403500059011 664.5473993974564
868.3759540818894 721.2617983339566
852.66075073358 777.4123299063508
832.2097104458595 835.8443384317605
814.9593923516582 876.918829952665
792.9926228870281 923.9681836292804
760.7671896089158 985.9435213112345
698.1719089075759 1094.0014133792192
641.0871060967943 1193.9391984302683
622.3417277883614 1198.3209113350508
640.3292353298714 1168.381463061853
718.7696905569909 1035.098611403277
749.4069261519707 980.4994801453486
781.0534234730645 922.0233400265912
803.1400078531196 875.3159714107531
820.8174701574677 832.3091456618932
840.9598550831653 773.9767645937292
856.2936819494238 718.3439692988
868.3269767708546 660.4172470637836
876.5399946316024 608.6420221871249
883.0844218108828 558.8500852472326
890.5345963834001 480.62819263493816
893.8808015422727 407.63892614155145
893.7329723501043 331.51174096774514
889.7793699959494 221.27357688804528
883.5494133739701 81.23744408611108
880.7933907860682 60.74150933095401
877.7069672979138 42.83392419947379
871.8567936695737 25.57925037494364
864.1767707548285 3.566077913267934
863.5829762412935 2.5573279489592826
862.6483497449814 1.852599826072117
861.5151796775451 1.5591820129396674
860.3559809095398 1.7217447117722484
859.3472309452311 2.315539225307135
858.642502822344 3.2501657216193096
858.3490850092115 4.38333578905553
858.511647708044 5.542534557060874
866.1824365229721 27.529435453801725
871.8566945568003 44.32006726132638
874.8607867981515 61.65235989025647
877.5613233607294 81.77187745820831
883.7840966814928 221.5144916597996
887.7323186549893 331.6251112407798
887.8788267750462 407.5072292791393
884.5458393652776 480.2059884838184
877.1206619239388 558.1744015254834
870.601045871445 607.7808203452714
862.4217494969787 659.3360844894073
850.4552541421259 716.9344417356947
835.2233223879956 772.1977589386614
815.200056602764 830.1868387657377
797.6476886225091 872.8905631574672
775.6970100236007 919.3100466404816
744.1517813525626 977.6033319734797
713.7136224379866 1031.8473967221976
667.2523568759799 1083.6501922133361
653.4370226220385 1095.751298688715
637.1380540918378 1106.2427451563494
619.1599973716632 1113.9163635561117
601.7067456298188 1117.0951891625623
583.7783950719868 1116.9582716027899
566.0267798634685 1114.9045339829718
539.5301930075512 1108.99067359693
539.2530292627125 1108.292967240083
530.1291671444985 1098.1573673172281
520.4410552951131 1094.5847036618227
524.1524427980801 1074.9785040222432
528.382228949634 1051.535099673795
545.8786842500422 933.0511724498122
554.2485396900089 868.7103138460823
555.3256961464743 843.6511945475575
552.7420316062518 806.222932129286
548.2506598130298 775.5400713296589
539.3192474871651 748.3074714605178
523.722119733849 721.8065878775598
510.8312150589684 707.0823035752902
234.6300346452268 391.06398539977124
206.58600726534243 359.10545077966924
205.0378917699329 357.91828533740414
203.15331100352924 357.41392563507156
201.21917530404917 357.6691558653196
199.5299392987548 358.6451195392608
637.0251575089776 1201.0504106070573
626.0392699884108 1220.2832924173813
606.4109138313114 1224.8370798101078
618.0349565574493 1205.489350552926
637.0251575089776 1201.0504106070573
519.7074969707159 1222.3115572556928
519.7054374518224 1222.3124917811824
519.703177190807 1222.3125703694009
412.53497560372733 1247.5300770372942
385.41321481122606 1254.5165295844708
436.9286937656965 1234.4807233185854
453.48916839257794 1227.36781107273
468.01030145268663 1218.6598094853505
478.6520462920437 1210.428996632842
488.0851692559447 1200.6160005264487
495.7550951451911 1189.5742408712326
500.2915016032153 1179.1198788344593
502.30928117872367 1166.1256264626602
503.45564665216403 1155.725203359042
510.39998989730714 1156.998218029287
522.6099215801775 1154.8391635629316
531.7184872822517 1149.5375548873694
537.7914998886212 1142.9804097408717
541.6629691584462 1135.5830139233797
543.6046041035524 1126.1624568461857
542.7494442788015 1117.0945187717225
542.2108825732047 1115.7387933835846
565.0239893910967 1120.836750070801
583.4076139518174 1122.9640148927765
602.2258326935902 1123.1257403669556
620.9078582518875 1119.7344192749015
639.9707441931771 1111.5799569869919
657.0675078436575 1100.5691051628537
671.4857304149181 1087.932613833716
698.3403042563745 1057.981366670905
635.1720399762305 1165.3147354388398
614.1974470648128 1200.2246285798765
519.7074969707159 1222.3115572556928
533.4018281163217 1125.606003248743
532.0605029985813 1132.162848374334
529.47925811065 1137.1093645436401
525.3411347885004 1141.5522377367465
519.0763966497065 1145.160146178029
510.43388476556527 1146.6843557697568
502.8768975887865 1145.2970940149316
495.7108610301583 1140.9462976821728
489.1855861221049 1130.833809304011
488.2582706321069 1122.9096843974264
490.8955399067283 1114.1493238706198
497.91484222049377 1106.3696698627245
504.7443746532461 1103.1789770937332
513.8871528992997 1102.8459762480343
524.1908821246263 1106.8734582939758
530.5082499197961 1113.760511183423
532.8305983772439 1119.4929205380831
533.4018281163217 1125.606003248743
807.9922027668591 1154.954053560808
866.1610048033903 1129.6852594232794
974.3569978140505 1105.811827234744
1051.4924457274687 1098.1390478005246
807.9922027668591 1154.954053560808
262 261 260
260 259 258
258 257 256
256 255 254
254 253 252
252 251 250
250 249 248
248 247 246
246 245 244
244 243 242
242 241 240
240 239 238
238 237 236
236 235 234
234 233 232
232 231 230
226 225 224
224 223 222
222 221 220
220 219 218
218 217 216
216 215 214
211 210 209
209 208 207
207 206 205
205 204 203
203 202 201
199 198 197
197 196 195
195 194 193
183 182 181
181 180 179
179 178 177
175 174 173
173 172 171
171 170 169
169 168 167
167 166 165
165 164 163
158 157 156
156 155 154
154 153 152
152 151 150
150 149 148
148 147 146
132 131 130
130 129 128
128 127 126
126 125 124
124 123 122
122 121 120
120 119 118
118 117 116
116 115 114
107 106 105
105 104 103
103 102 101
101 100 99
99 98 97
97 96 95
95 94 93
93 92 91
88 87 86
86 85 84
84 83 82
82 81 80
80 79 78
78 77 76
76 75 74
73 392 391
67 66 65
65 64 63
63 62 61
61 60 59
56 55 54
54 399 398
398 397 396
396 427 426
424 423 422
422 421 420
420 419 418
418 417 416
416 415 414
414 413 412
412 411 410
410 409 408
408 407 406
406 405 404
404 403 402
402 401 400
400 399 54
45 44 43
41 40 39
39 38 37
37 36 35
35 34 33
33 32 31
31 30 29
29 28 27
24 23 22
21 20 437
438 437 20
20 19 18
18 17 16
5 4 3
3 2 1
1 389 388
388 387 386
386 385 384
383 382 381
381 380 379
379 378 377
377 376 375
375 374 373
373 372 371
345 344 343
343 342 341
341 340 339
339 338 337
337 336 335
335 334 333
333 332 331
331 330 329
329 328 327
327 326 325
325 324 323
323 322 321
321 320 319
319 318 317
315 314 313
302 301 300
300 299 298
298 297 296
296 295 294
294 293 292
292 291 290
282 281 280
280 279 278
278 277 276
276 275 274
274 273 272
272 271 270
268 267 266
266 265 264
262 260 258
258 256 254
254 252 250
250 248 246
246 244 242
242 240 238
238 236 234
234 232 230
226 224 222
222 220 218
218 216 214
211 209 207
207 205 203
199 197 195
184 183 181
179 177 176
175 173 171
171 169 167
167 165 163
148 146 145
133 132 130
124 122 120
120 118 116
95 93 91
88 86 84
84 82 80
80 78 76
76 74 73
393 392 73
67 65 63
63 61 59
56 54 398
398 396 426
420 418 416
416 414 412
412 410 408
408 406 404
404 402 400
400 54 53
39 37 35
35 33 31
31 29 27
24 22 21
21 437 436
439 438 20
20 18 16
6 5 3
3 1 388
388 386 384
384 383 381
381 379 377
377 375 373
373 371 370
345 343 341
341 339 337
337 335 333
333 331 329
329 327 325
321 319 317
302 300 298
298 296 294
294 292 290
283 282 280
280 278 276
274 272 270
268 266 264
262 258 254
254 250 246
246 242 238
238 234 230
226 222 218
218 214 213
211 207 203
175 171 167
124 120 116
89 88 84
84 80 76
76 73 391
393 73 72
68 67 63
400 53 52
39 35 31
24 21 436
439 20 16
6 3 388
388 384 381
346 345 341
341 337 333
321 317 316
298 294 290
284 283 280
268 264 450
447 450 264
262 254 246
246 238 230
227 226 218
211 203 201
176 175 167
124 116 114
89 84 76
394 393 72
68 63 59
404 400 52
39 31 27
440 439 16
7 6 388
346 341 333
298 290 289
268 450 449
447 264 263
246 230 229
227 218 213
212 211 201
176 167 163
126 124 114
90 89 76
404 52 51
39 27 26
441 440 16
7 388 381
347 346 333
448 447 263
246 229 228
212 201 200
176 163 162
126 114 113
91 90 76
404 51 50
39 26 25
442 441 16
8 7 381
348 347 333
448 263 262
213 212 200
179 176 162
126 113 112
95 91 76
404 50 49
41 39 25
9 8 381
349 348 333
449 448 262
213 200 199
179 162 161
128 126 112
95 76 391
404 49 48
42 41 25
10 9 381
350 349 333
449 262 246
227 213 199
179 161 160
128 112 111
404 48 47
42 25 24
11 10 381
350 333 329
268 449 246
227 199 195
181 179 160
128 111 110
408 404 47
42 24 436
11 381 377
351 350 329
268 246 228
227 195 193
181 160 159
128 110 109
408 47 46
43 42 436
12 11 377
352 351 329
268 228 227
181 159 158
130 128 109
408 46 45
45 43 436
13 12 377
353 352 329
269 268 227
184 181 158
130 109 108
412 408 45
45 436 435
14 13 377
353 329 325
269 227 193
184 158 156
130 108 107
45 435 434
15 14 377
354 353 325
185 184 156
133 130 107
45 434 433
16 15 377
355 354 325
186 185 156
133 107 105
412 45 433
16 377 373
356 355 325
186 156 154
134 133 105
412 433 432
442 16 373
357 356 325
187 186 154
135 134 105
412 432 431
443 442 373
357 325 323
188 187 154
135 105 103
412 431 430
443 373 370
358 357 323
188 154 152
136 135 103
416 412 430
444 443 370
359 358 323
189 188 152
137 136 103
416 430 429
445 444 370
359 323 321
190 189 152
137 103 101
416 429 445
360 359 321
190 152 150
138 137 101
416 445 370
361 360 321
191 190 150
139 138 101
416 370 369
362 361 321
192 191 150
139 101 99
416 369 368
362 321 316
192 150 148
140 139 99
420 416 368
193 192 148
141 140 99
420 368 367
269 193 148
141 99 97
420 367 366
270 269 148
142 141 97
422 420 366
270 148 145
143 142 97
422 366 365
143 97 95
422 365 364
144 143 95
424 422 364
145 144 95
424 364 363
145 95 391
424 363 362
270 145 391
424 362 316
270 391 394
425 424 316
426 425 316
398 426 316
398 316 315
68 59 57
57 56 398
298 289 287
68 57 398
298 287 286
69 68 398
298 286 285
70 69 398
298 285 284
71 70 398
302 298 284
72 71 398
302 284 280
394 72 398
303 302 280
394 398 315
304 303 280
270 394 315
305 304 280
270 315 313
305 280 276
270 313 312
306 305 276
270 312 311
307 306 276
274 270 311
308 307 276
274 311 310
309 308 276
274 310 309
309 276 274
